15000 0 0
15001 0 0
15002 1 0
15003 0 0
15004 0 0
15005 1 0
15006 0 0
15007 0 0
15008 1 0
15009 0 0
15010 0 0
15011 1 0
15012 0 0
15013 0 0
15014 1 0
15015 0 0
15016 0 0
15017 1 0
15018 0 0
15019 0 0
15020 1 0
15021 0 0
15022 0 0
15023 1 0
15024 0 0
15025 0 0
15026 1 0
15027 0 0
15028 0 0
15029 1 0
15030 0 0
15031 0 0
15032 1 0
15033 0 0
15034 0 0
15035 1 0
15036 0 0
15037 0 0
15038 1 0
15039 0 0
15040 0 0
15041 1 0
15042 0 0
15043 0 0
15044 1 0
15045 0 0
15046 0 0
15047 1 0
15048 0 0
15049 0 0
15050 1 0
15051 0 0
15052 0 0
15053 1 0
15054 0 0
15055 0 0
15056 1 0
15057 0 0
15058 1 0
15059 0 0
15060 0 0
15061 1 0
15062 0 0
15063 0 0
15064 1 0
15065 0 0
15066 0 0
15067 1 0
15068 0 0
15069 0 0
15070 1 0
15071 0 0
15072 0 0
15073 1 0
15074 0 0
15075 0 0
15076 1 0
15077 0 0
15078 0 0
15079 1 0
15080 0 0
15081 0 0
15082 1 0
15083 0 0
15084 0 0
15085 1 0
15086 0 0
15087 0 0
15088 1 0
15089 0 0
15090 0 0
15091 1 0
15092 0 0
15093 0 0
15094 1 0
15095 0 0
15096 0 0
15097 1 0
15098 0 0
15099 0 0
15100 1 0
15101 0 0
15102 0 0
15103 1 0
15104 0 0
15105 0 0
15106 1 0
15107 0 0
15108 0 0
15109 1 0
15110 0 0
15111 0 0
15112 1 0
15113 0 0
15114 0 0
15115 1 0
15116 0 0
15117 0 0
15118 1 0
15119 0 0
15120 0 0
15121 1 0
15122 0 0
15123 1 0
15124 0 0
15125 0 0
15126 1 0
15127 0 0
15128 0 0
15129 1 0
15130 0 0
15131 0 0
15132 1 0
15133 0 0
15134 0 0
15135 1 0
15136 0 0
15137 0 0
15138 1 0
15139 0 0
15140 0 0
15141 1 0
15142 0 0
15143 0 0
15144 1 0
15145 0 0
15146 0 0
15147 1 0
15148 0 0
15149 0 0
15150 1 0
15151 0 0
15152 0 0
15153 1 0
15154 0 0
15155 0 0
15156 1 0
15157 0 0
15158 0 0
15159 1 0
15160 0 0
15161 1 0
15162 0 0
15163 0 0
15164 1 0
15165 0 0
15166 0 0
15167 1 0
15168 0 0
15169 0 0
15170 1 0
15171 0 0
15172 0 0
15173 1 0
15174 0 0
15175 0 0
15176 1 0
15177 0 0
15178 0 0
15179 1 0
15180 0 0
15181 0 0
15182 1 0
15183 0 0
15184 1 0
15185 0 0
15186 0 0
15187 1 0
15188 0 0
15189 0 0
15190 1 0
15191 0 0
15192 0 0
15193 1 0
15194 0 0
15195 0 0
15196 1 0
15197 0 0
15198 0 0
15199 1 0
15200 0 0
15201 0 0
15202 0 0
15203 0 0
15204 1 0
15205 0 0
15206 0 0
15207 1 0
15208 0 0
15209 0 0
15210 1 0
15211 0 0
15212 0 0
15213 1 0
15214 0 0
15215 0 0
15216 1 0
15217 0 0
15218 0 0
15219 1 0
15220 0 0
15221 0 0
15222 1 0
15223 0 0
15224 1 0
15225 0 0
15226 0 0
15227 1 0
15228 0 0
15229 0 0
15230 1 0
15231 0 0
15232 0 0
15233 1 0
15234 0 0
15235 0 0
15236 1 0
15237 0 0
15238 0 0
15239 1 0
15240 0 0
15241 0 0
15242 1 0
15243 0 0
15244 1 0
15245 0 0
15246 0 0
15247 1 0
15248 0 0
15249 0 0
15250 1 0
15251 0 0
15252 0 0
15253 1 0
15254 0 0
15255 0 0
15256 1 0
15257 0 0
15258 0 0
15259 1 0
15260 0 0
15261 1 0
15262 0 0
15263 0 0
15264 1 0
15265 0 0
15266 0 0
15267 1 0
15268 0 0
15269 0 0
15270 1 0
15271 0 0
15272 1 0
15273 0 0
15274 0 0
15275 1 0
15276 0 0
15277 0 0
15278 1 0
15279 0 0
15280 0 0
15281 1 0
15282 0 0
15283 0 0
15284 1 0
15285 0 0
15286 0 0
15287 1 0
15288 0 0
15289 0 0
15290 1 0
15291 0 0
15292 1 0
15293 0 0
15294 0 0
15295 1 0
15296 0 0
15297 0 0
15298 1 0
15299 0 0
15300 0 0
15301 1 0
15302 0 0
15303 0 0
15304 1 0
15305 0 0
15306 0 0
15307 1 0
15308 0 0
15309 0 0
15310 1 0
15311 0 0
15312 0 0
15313 1 0
15314 0 0
15315 1 0
15316 0 0
15317 0 0
15318 1 0
15319 0 0
15320 0 0
15321 1 0
15322 0 0
15323 0 0
15324 1 0
15325 0 0
15326 0 0
15327 1 0
15328 0 0
15329 0 0
15330 1 0
15331 0 0
15332 1 0
15333 0 0
15334 0 0
15335 1 0
15336 0 0
15337 0 0
15338 1 0
15339 0 0
15340 0 0
15341 1 0
15342 0 0
15343 0 0
15344 1 0
15345 0 0
15346 0 0
15347 1 0
15348 0 0
15349 1 0
15350 0 0
15351 0 0
15352 1 0
15353 0 0
15354 0 0
15355 1 0
15356 0 0
15357 0 0
15358 1 0
15359 0 0
15360 0 0
15361 1 0
15362 0 0
15363 0 0
15364 1 0
15365 0 0
15366 1 0
15367 0 0
15368 0 0
15369 1 0
15370 0 0
15371 0 0
15372 1 0
15373 0 0
15374 0 0
15375 1 0
15376 0 0
15377 0 0
15378 1 0
15379 0 0
15380 0 0
15381 1 0
15382 0 0
15383 1 0
15384 0 0
15385 0 0
15386 1 0
15387 0 0
15388 0 0
15389 1 0
15390 0 0
15391 0 0
15392 1 0
15393 0 0
15394 0 0
15395 1 0
15396 0 0
15397 0 0
15398 1 0
15399 0 0
15400 1 0
15401 0 0
15402 0 0
15403 1 0
15404 0 0
15405 0 0
15406 1 0
15407 0 0
15408 0 0
15409 1 0
15410 0 0
15411 0 0
15412 1 0
15413 0 0
15414 1 0
15415 0 0
15416 0 0
15417 1 0
15418 0 0
15419 0 0
15420 1 0
15421 0 0
15422 0 0
15423 1 0
15424 0 0
15425 0 0
15426 1 0
15427 0 0
15428 0 0
15429 1 0
15430 0 0
15431 1 0
15432 0 0
15433 0 0
15434 1 0
15435 0 0
15436 0 0
15437 1 0
15438 0 0
15439 0 0
15440 1 0
15441 0 0
15442 0 0
15443 1 0
15444 0 0
15445 1 0
15446 0 0
15447 0 0
15448 1 0
15449 0 0
15450 0 0
15451 1 0
15452 0 0
15453 0 0
15454 1 0
15455 0 0
15456 0 0
15457 1 0
15458 0 0
15459 1 0
15460 0 0
15461 0 0
15462 1 0
15463 0 0
15464 0 0
15465 1 0
15466 0 0
15467 0 0
15468 1 0
15469 0 0
15470 1 0
15471 0 0
15472 0 0
15473 1 0
15474 0 0
15475 0 0
15476 1 0
15477 0 0
15478 0 0
15479 1 0
15480 0 0
15481 1 0
15482 0 0
15483 0 0
15484 1 0
15485 0 0
15486 0 0
15487 1 0
15488 0 0
15489 0 0
15490 1 0
15491 0 0
15492 0 0
15493 1 0
15494 0 0
15495 1 0
15496 0 0
15497 0 0
15498 1 0
15499 0 0
15500 0 0
15501 1 0
15502 0 0
15503 0 0
15504 1 0
15505 0 0
15506 1 0
15507 0 0
15508 0 0
15509 1 0
15510 0 0
15511 0 0
15512 1 0
15513 0 0
15514 0 0
15515 1 0
15516 0 0
15517 1 0
15518 0 0
15519 0 0
15520 1 0
15521 0 0
15522 0 0
15523 1 0
15524 0 0
15525 0 0
15526 1 0
15527 0 0
15528 1 0
15529 0 0
15530 0 0
15531 1 0
15532 0 0
15533 0 0
15534 1 0
15535 0 0
15536 0 0
15537 1 0
15538 0 0
15539 1 0
15540 0 0
15541 0 0
15542 1 0
15543 0 0
15544 0 0
15545 1 0
15546 0 0
15547 0 0
15548 1 0
15549 0 0
15550 1 0
15551 0 0
15552 0 0
15553 1 0
15554 0 0
15555 0 0
15556 1 0
15557 0 0
15558 0 0
15559 1 0
15560 0 0
15561 0 0
15562 1 0
15563 0 0
15564 1 0
15565 0 0
15566 0 0
15567 1 0
15568 0 0
15569 0 0
15570 1 0
15571 0 0
15572 0 0
15573 1 0
15574 0 0
15575 1 0
15576 0 0
15577 0 0
15578 1 0
15579 0 0
15580 0 0
15581 1 0
15582 0 0
15583 1 0
15584 0 0
15585 0 0
15586 1 0
15587 0 0
15588 0 0
15589 1 0
15590 0 0
15591 0 0
15592 1 0
15593 0 0
15594 1 0
15595 0 0
15596 0 0
15597 1 0
15598 0 0
15599 0 0
15600 1 0
15601 0 0
15602 1 0
15603 0 0
15604 0 0
15605 1 0
15606 0 0
15607 0 0
15608 1 0
15609 0 0
15610 0 0
15611 1 0
15612 0 0
15613 1 0
15614 0 0
15615 0 0
15616 1 0
15617 0 0
15618 0 0
15619 1 0
15620 0 0
15621 1 0
15622 0 0
15623 0 0
15624 1 0
15625 0 0
15626 0 0
15627 1 0
15628 0 0
15629 0 0
15630 1 0
15631 0 0
15632 1 0
15633 0 0
15634 0 0
15635 1 0
15636 0 0
15637 0 0
15638 1 0
15639 0 0
15640 1 0
15641 0 0
15642 0 0
15643 1 0
15644 0 0
15645 0 0
15646 1 0
15647 0 0
15648 1 0
15649 0 0
15650 0 0
15651 1 0
15652 0 0
15653 0 0
15654 1 0
15655 0 0
15656 0 0
15657 1 0
15658 0 0
15659 1 0
15660 0 0
15661 0 0
15662 1 0
15663 0 0
15664 0 0
15665 1 0
15666 0 0
15667 1 0
15668 0 0
15669 0 0
15670 1 0
15671 0 0
15672 0 0
15673 1 0
15674 0 0
15675 1 0
15676 0 0
15677 0 0
15678 1 0
15679 0 0
15680 0 0
15681 1 0
15682 0 0
15683 1 0
15684 0 0
15685 0 0
15686 1 0
15687 0 0
15688 0 0
15689 1 0
15690 0 0
15691 1 0
15692 0 0
15693 0 0
15694 1 0
15695 0 0
15696 1 0
15697 0 0
15698 0 0
15699 1 0
15700 0 0
15701 1 0
15702 0 0
15703 0 0
15704 1 0
15705 0 0
15706 1 0
15707 0 0
15708 0 0
15709 1 0
15710 0 0
15711 1 0
15712 0 0
15713 0 0
15714 1 0
15715 0 0
15716 1 0
15717 0 0
15718 0 0
15719 1 0
15720 0 0
15721 0 0
15722 1 0
15723 0 0
15724 1 0
15725 0 0
15726 0 0
15727 1 0
15728 0 0
15729 1 0
15730 0 0
15731 0 0
15732 1 0
15733 0 0
15734 0 0
15735 8 0
15736 0 0
15737 0 0
15738 1 0
15739 0 0
15740 1 0
15741 0 0
15742 0 0
15743 1 0
15744 0 0
15745 1 0
15746 0 0
15747 0 0
15748 1 0
15749 0 0
15750 0 0
15751 1 0
15752 0 0
15753 1 0
15754 0 0
15755 0 0
15756 1 0
15757 0 0
15758 1 0
15759 0 0
15760 0 0
15761 1 0
15762 0 0
15763 1 0
15764 0 0
15765 0 0
15766 1 0
15767 0 0
15768 1 0
15769 0 0
15770 0 0
15771 1 0
15772 0 0
15773 1 0
15774 0 0
15775 0 0
15776 1 0
15777 0 0
15778 0 0
15779 1 0
15780 0 0
15781 1 0
15782 0 0
15783 0 0
15784 1 0
15785 0 0
15786 1 0
15787 0 0
15788 0 0
15789 1 0
15790 0 0
15791 1 0
15792 0 0
15793 0 0
15794 1 0
15795 0 0
15796 1 0
15797 0 0
15798 0 0
15799 1 0
15800 0 0
15801 1 0
15802 0 0
15803 0 0
15804 1 0
15805 0 0
15806 1 0
15807 0 0
15808 0 0
15809 1 0
15810 0 0
15811 0 0
15812 1 0
15813 0 0
15814 1 0
15815 0 0
15816 0 0
15817 1 0
15818 0 0
15819 1 0
15820 0 0
15821 0 0
15822 1 0
15823 0 0
15824 1 0
15825 0 0
15826 0 0
15827 1 0
15828 0 0
15829 1 0
15830 0 0
15831 0 0
15832 1 0
15833 0 0
15834 1 0
15835 0 0
15836 0 0
15837 1 0
15838 0 0
15839 1 0
15840 0 0
15841 0 0
15842 1 0
15843 0 0
15844 1 0
15845 0 0
15846 0 0
15847 1 0
15848 0 0
15849 1 0
15850 0 0
15851 0 0
15852 1 0
15853 0 0
15854 1 0
15855 0 0
15856 0 0
15857 1 0
15858 0 0
15859 0 0
15860 1 0
15861 0 0
15862 1 0
15863 0 0
15864 0 0
15865 1 0
15866 0 0
15867 1 0
15868 0 0
15869 0 0
15870 1 0
15871 0 0
15872 1 0
15873 0 0
15874 0 0
15875 1 0
15876 0 0
15877 1 0
15878 0 0
15879 0 0
15880 1 0
15881 0 0
15882 1 0
15883 0 0
15884 0 0
15885 1 0
15886 0 0
15887 1 0
15888 0 0
15889 0 0
15890 1 0
15891 0 0
15892 1 0
15893 0 0
15894 0 0
15895 1 0
15896 0 0
15897 1 0
15898 0 0
15899 0 0
15900 1 0
15901 0 0
15902 1 0
15903 0 0
15904 1 0
15905 0 0
15906 0 0
15907 1 0
15908 0 0
15909 1 0
15910 0 0
15911 1 0
15912 0 0
15913 0 0
15914 1 0
15915 0 0
15916 1 0
15917 0 0
15918 0 0
15919 1 0
15920 0 0
15921 1 0
15922 0 0
15923 0 0
15924 1 0
15925 0 0
15926 1 0
15927 0 0
15928 0 0
15929 1 0
15930 0 0
15931 1 0
15932 0 0
15933 0 0
15934 1 0
15935 0 0
15936 1 0
15937 0 0
15938 0 0
15939 1 0
15940 0 0
15941 1 0
15942 0 0
15943 1 0
15944 0 0
15945 0 0
15946 1 0
15947 0 0
15948 1 0
15949 0 0
15950 0 0
15951 1 0
15952 0 0
15953 1 0
15954 0 0
15955 0 0
15956 1 0
15957 0 0
15958 1 0
15959 0 0
15960 0 0
15961 1 0
15962 0 0
15963 1 0
15964 0 0
15965 0 0
15966 1 0
15967 0 0
15968 1 0
15969 0 0
15970 0 0
15971 1 0
15972 0 0
15973 1 0
15974 0 0
15975 0 0
15976 1 0
15977 0 0
15978 1 0
15979 0 0
15980 0 0
15981 1 0
15982 0 0
15983 1 0
15984 0 0
15985 0 0
15986 1 0
15987 0 0
15988 1 0
15989 0 0
15990 0 0
15991 1 0
15992 0 0
15993 1 0
15994 0 0
15995 0 0
15996 1 0
15997 0 0
15998 1 0
15999 0 0
16000 0 0
16001 1 0
16002 0 0
16003 1 0
16004 0 0
16005 0 0
16006 1 0
16007 0 0
16008 1 0
16009 0 0
16010 0 0
16011 1 0
16012 0 0
16013 1 0
16014 0 0
16015 0 0
16016 1 0
16017 0 0
16018 1 0
16019 0 0
16020 0 0
16021 1 0
16022 0 0
16023 1 0
16024 0 0
16025 0 0
16026 1 0
16027 0 0
16028 0 0
16029 1 0
16030 0 0
16031 1 0
16032 0 0
16033 0 0
16034 1 0
16035 0 0
16036 1 0
16037 0 0
16038 0 0
16039 1 0
16040 0 0
16041 1 0
16042 0 0
16043 0 0
16044 1 0
16045 0 0
16046 1 0
16047 0 0
16048 0 0
16049 1 0
16050 0 0
16051 1 0
16052 0 0
16053 0 0
16054 1 0
16055 0 0
16056 1 0
16057 0 0
16058 0 0
16059 1 0
16060 0 0
16061 1 0
16062 0 0
16063 0 0
16064 1 0
16065 0 0
16066 0 0
16067 1 0
16068 0 0
16069 1 0
16070 0 0
16071 0 0
16072 1 0
16073 0 0
16074 1 0
16075 0 0
16076 0 0
16077 1 0
16078 0 0
16079 1 0
16080 0 0
16081 0 0
16082 1 0
16083 0 0
16084 1 0
16085 0 0
16086 0 0
16087 1 0
16088 0 0
16089 1 0
16090 0 0
16091 0 0
16092 1 0
16093 0 0
16094 1 0
16095 0 0
16096 0 0
16097 1 0
16098 0 0
16099 1 0
16100 0 0
16101 0 0
16102 1 0
16103 0 0
16104 1 0
16105 0 0
16106 0 0
16107 1 0
16108 0 0
16109 1 0
16110 0 0
16111 0 0
16112 1 0
16113 0 0
16114 1 0
16115 0 0
16116 0 0
16117 1 0
16118 0 0
16119 1 0
16120 0 0
16121 0 0
16122 1 0
16123 0 0
16124 1 0
16125 0 0
16126 0 0
16127 1 0
16128 0 0
16129 1 0
16130 0 0
16131 0 0
16132 1 0
16133 0 0
16134 1 0
16135 0 0
16136 1 0
16137 0 0
16138 0 0
16139 1 0
16140 0 0
16141 1 0
16142 0 0
16143 0 0
16144 1 0
16145 0 0
16146 1 0
16147 0 0
16148 0 0
16149 1 0
16150 0 0
16151 1 0
16152 0 0
16153 0 0
16154 1 0
16155 0 0
16156 1 0
16157 0 0
16158 0 0
16159 1 0
16160 0 0
16161 1 0
16162 0 0
16163 0 0
16164 1 0
16165 0 0
16166 1 0
16167 0 0
16168 0 0
16169 1 0
16170 0 0
16171 1 0
16172 0 0
16173 0 0
16174 1 0
16175 0 0
16176 1 0
16177 0 0
16178 0 0
16179 1 0
16180 0 0
16181 1 0
16182 0 0
16183 1 0
16184 0 0
16185 0 0
16186 1 0
16187 0 0
16188 1 0
16189 0 0
16190 0 0
16191 1 0
16192 0 0
16193 1 0
16194 0 0
16195 0 0
16196 1 0
16197 0 0
16198 1 0
16199 0 0
16200 0 0
16201 1 0
16202 0 0
16203 1 0
16204 0 0
16205 1 0
16206 0 0
16207 0 0
16208 1 0
16209 0 0
16210 1 0
16211 0 0
16212 0 0
16213 1 0
16214 0 0
16215 1 0
16216 0 0
16217 0 0
16218 1 0
16219 0 0
16220 1 0
16221 0 0
16222 0 0
16223 1 0
16224 0 0
16225 1 0
16226 0 0
16227 1 0
16228 0 0
16229 0 0
16230 1 0
16231 0 0
16232 1 0
16233 0 0
16234 0 0
16235 1 0
16236 0 0
16237 1 0
16238 0 0
16239 0 0
16240 1 0
16241 0 0
16242 1 0
16243 0 0
16244 0 0
16245 1 0
16246 0 0
16247 1 0
16248 0 0
16249 0 0
16250 1 0
16251 0 0
16252 1 0
16253 0 0
16254 0 0
16255 1 0
16256 0 0
16257 1 0
16258 0 0
16259 1 0
16260 0 0
16261 0 0
16262 1 0
16263 0 0
16264 1 0
16265 0 0
16266 0 0
16267 1 0
16268 0 0
16269 1 0
16270 0 0
16271 0 0
16272 1 0
16273 0 0
16274 1 0
16275 0 0
16276 0 0
16277 1 0
16278 0 0
16279 1 0
16280 0 0
16281 0 0
16282 1 0
16283 0 0
16284 1 0
16285 0 0
16286 1 0
16287 0 0
16288 0 0
16289 1 0
16290 0 0
16291 1 0
16292 0 0
16293 0 0
16294 1 0
16295 0 0
16296 1 0
16297 0 0
16298 0 0
16299 1 0
16300 0 0
16301 1 0
16302 0 0
16303 1 0
16304 0 0
16305 0 0
16306 1 0
16307 0 0
16308 1 0
16309 0 0
16310 1 0
16311 0 0
16312 0 0
16313 1 0
16314 0 0
16315 1 0
16316 0 0
16317 0 0
16318 1 0
16319 0 0
16320 1 0
16321 0 0
16322 0 0
16323 1 0
16324 0 0
16325 1 0
16326 0 0
16327 0 0
16328 1 0
16329 0 0
16330 1 0
16331 0 0
16332 1 0
16333 0 0
16334 0 0
16335 1 0
16336 0 0
16337 1 0
16338 0 0
16339 0 0
16340 1 0
16341 0 0
16342 1 0
16343 0 0
16344 1 0
16345 0 0
16346 0 0
16347 1 0
16348 0 0
16349 1 0
16350 0 0
16351 0 0
16352 1 0
16353 0 0
16354 1 0
16355 0 0
16356 0 0
16357 1 0
16358 0 0
16359 1 0
16360 0 0
16361 1 0
16362 0 0
16363 0 0
16364 1 0
16365 0 0
16366 1 0
16367 0 0
16368 0 0
16369 1 0
16370 0 0
16371 1 0
16372 0 0
16373 1 0
16374 0 0
16375 0 0
16376 1 0
16377 0 0
16378 1 0
16379 0 0
16380 0 0
16381 1 0
16382 0 0
16383 1 0
16384 0 0
16385 1 0
16386 0 0
16387 0 0
16388 1 0
16389 0 0
16390 1 0
16391 0 0
16392 0 0
16393 1 0
16394 0 0
16395 1 0
16396 0 0
16397 1 0
16398 0 0
16399 0 0
16400 1 0
16401 0 0
16402 1 0
16403 0 0
16404 0 0
16405 1 0
16406 0 0
16407 1 0
16408 0 0
16409 1 0
16410 0 0
16411 0 0
16412 1 0
16413 0 0
16414 1 0
16415 0 0
16416 0 0
16417 1 0
16418 0 0
16419 1 0
16420 0 0
16421 0 0
16422 1 0
16423 0 0
16424 1 0
16425 0 0
16426 0 0
16427 1 0
16428 0 0
16429 1 0
16430 0 0
16431 1 0
16432 0 0
16433 0 0
16434 1 0
16435 0 0
16436 1 0
16437 0 0
16438 0 0
16439 1 0
16440 0 0
16441 1 0
16442 0 0
16443 0 0
16444 1 0
16445 0 0
16446 1 0
16447 0 0
16448 1 0
16449 0 0
16450 0 0
16451 1 0
16452 0 0
16453 1 0
16454 0 0
16455 0 0
16456 1 0
16457 0 0
16458 1 0
16459 0 0
16460 0 0
16461 1 0
16462 0 0
16463 1 0
16464 0 0
16465 1 0
16466 0 0
16467 0 0
16468 1 0
16469 0 0
16470 1 0
16471 0 0
16472 0 0
16473 1 0
16474 0 0
16475 1 0
16476 0 0
16477 0 0
16478 1 0
16479 0 0
16480 1 0
16481 0 0
16482 1 0
16483 0 0
16484 0 0
16485 1 0
16486 0 0
16487 1 0
16488 0 0
16489 1 0
16490 0 0
16491 0 0
16492 1 0
16493 0 0
16494 1 0
16495 0 0
16496 1 0
16497 0 0
16498 0 0
16499 1 0
16500 0 0
16501 1 0
16502 0 0
16503 0 0
16504 1 0
16505 0 0
16506 1 0
16507 0 0
16508 1 0
16509 0 0
16510 0 0
16511 1 0
16512 0 0
16513 1 0
16514 0 0
16515 1 0
16516 0 0
16517 0 0
16518 1 0
16519 0 0
16520 1 0
16521 0 0
16522 0 0
16523 1 0
16524 0 0
16525 1 0
16526 0 0
16527 1 0
16528 0 0
16529 0 0
16530 1 0
16531 0 0
16532 1 0
16533 0 0
16534 0 0
16535 1 0
16536 0 0
16537 1 0
16538 0 0
16539 1 0
16540 0 0
16541 0 0
16542 1 0
16543 0 0
16544 1 0
16545 0 0
16546 0 0
16547 1 0
16548 0 0
16549 1 0
16550 0 0
16551 1 0
16552 0 0
16553 0 0
16554 1 0
16555 0 0
16556 1 0
16557 0 0
16558 0 0
16559 1 0
16560 0 0
16561 1 0
16562 0 0
16563 1 0
16564 0 0
16565 0 0
16566 1 0
16567 0 0
16568 1 0
16569 0 0
16570 1 0
16571 0 0
16572 0 0
16573 1 0
16574 0 0
16575 1 0
16576 0 0
16577 0 0
16578 1 0
16579 0 0
16580 1 0
16581 0 0
16582 1 0
16583 0 0
16584 0 0
16585 1 0
16586 0 0
16587 1 0
16588 0 0
16589 1 0
16590 0 0
16591 0 0
16592 1 0
16593 0 0
16594 1 0
16595 0 0
16596 0 0
16597 1 0
16598 0 0
16599 1 0
16600 0 0
16601 1 0
16602 0 0
16603 0 0
16604 1 0
16605 0 0
16606 1 0
16607 0 0
16608 1 0
16609 0 0
16610 0 0
16611 1 0
16612 0 0
16613 1 0
16614 0 0
16615 1 0
16616 0 0
16617 0 0
16618 1 0
16619 0 0
16620 1 0
16621 0 0
16622 0 0
16623 1 0
16624 0 0
16625 1 0
16626 0 0
16627 1 0
16628 0 0
16629 0 0
16630 1 0
16631 0 0
16632 1 0
16633 0 0
16634 1 0
16635 0 0
16636 0 0
16637 1 0
16638 0 0
16639 1 0
16640 0 0
16641 1 0
16642 0 0
16643 0 0
16644 1 0
16645 0 0
16646 1 0
16647 0 0
16648 0 0
16649 1 0
16650 0 0
16651 1 0
16652 0 0
16653 1 0
16654 0 0
16655 0 0
16656 1 0
16657 0 0
16658 1 0
16659 0 0
16660 1 0
16661 0 0
16662 0 0
16663 1 0
16664 0 0
16665 1 0
16666 0 0
16667 1 0
16668 0 0
16669 0 0
16670 1 0
16671 0 0
16672 1 0
16673 0 0
16674 0 0
16675 1 0
16676 0 0
16677 1 0
16678 0 0
16679 1 0
16680 0 0
16681 0 0
16682 1 0
16683 0 0
16684 1 0
16685 0 0
16686 1 0
16687 0 0
16688 0 0
16689 1 0
16690 0 0
16691 1 0
16692 0 0
16693 1 0
16694 0 0
16695 0 0
16696 1 0
16697 0 0
16698 1 0
16699 0 0
16700 1 0
16701 0 0
16702 0 0
16703 1 0
16704 0 0
16705 1 0
16706 0 0
16707 1 0
16708 0 0
16709 0 0
16710 1 0
16711 0 0
16712 1 0
16713 0 0
16714 1 0
16715 0 0
16716 0 0
16717 1 0
16718 0 0
16719 1 0
16720 0 0
16721 1 0
16722 0 0
16723 0 0
16724 1 0
16725 0 0
16726 1 0
16727 0 0
16728 1 0
16729 0 0
16730 0 0
16731 1 0
16732 0 0
16733 1 0
16734 0 0
16735 1 0
16736 0 0
16737 0 0
16738 1 0
16739 0 0
16740 1 0
16741 0 0
16742 1 0
16743 0 0
16744 0 0
16745 1 0
16746 0 0
16747 1 0
16748 0 0
16749 1 0
16750 0 0
16751 0 0
16752 1 0
16753 0 0
16754 1 0
16755 0 0
16756 1 0
16757 0 0
16758 0 0
16759 1 0
16760 0 0
16761 1 0
16762 0 0
16763 1 0
16764 0 0
16765 0 0
16766 1 0
16767 0 0
16768 1 0
16769 0 0
16770 1 0
16771 0 0
16772 0 0
16773 1 0
16774 0 0
16775 1 0
16776 0 0
16777 1 0
16778 0 0
16779 1 0
16780 0 0
16781 0 0
16782 1 0
16783 0 0
16784 1 0
16785 0 0
16786 1 0
16787 0 0
16788 0 0
16789 1 0
16790 0 0
16791 1 0
16792 0 0
16793 1 0
16794 0 0
16795 0 0
16796 1 0
16797 0 0
16798 1 0
16799 0 0
16800 1 0
16801 0 0
16802 0 0
16803 1 0
16804 0 0
16805 1 0
16806 0 0
16807 1 0
16808 0 0
16809 0 0
16810 1 0
16811 0 0
16812 1 0
16813 0 0
16814 1 0
16815 0 0
16816 1 0
16817 0 0
16818 0 0
16819 1 0
16820 0 0
16821 1 0
16822 0 0
16823 1 0
16824 0 0
16825 0 0
16826 1 0
16827 0 0
16828 1 0
16829 0 0
16830 1 0
16831 0 0
16832 0 0
16833 1 0
16834 0 0
16835 1 0
16836 0 0
16837 1 0
16838 0 0
16839 1 0
16840 0 0
16841 0 0
16842 1 0
16843 0 0
16844 1 0
16845 0 0
16846 1 0
16847 0 0
16848 0 0
16849 1 0
16850 0 0
16851 1 0
16852 0 0
16853 1 0
16854 0 0
16855 0 0
16856 1 0
16857 0 0
16858 1 0
16859 0 0
16860 1 0
16861 0 0
16862 1 0
16863 0 0
16864 0 0
16865 1 0
16866 0 0
16867 1 0
16868 0 0
16869 1 0
16870 0 0
16871 0 0
16872 1 0
16873 0 0
16874 1 0
16875 0 0
16876 1 0
16877 0 0
16878 0 0
16879 1 0
16880 0 0
16881 1 0
16882 0 0
16883 1 0
16884 0 0
16885 1 0
16886 0 0
16887 0 0
16888 1 0
16889 0 0
16890 1 0
16891 0 0
16892 1 0
16893 0 0
16894 0 0
16895 1 0
16896 0 0
16897 1 0
16898 0 0
16899 1 0
16900 0 0
16901 1 0
16902 0 0
16903 0 0
16904 1 0
16905 0 0
16906 1 0
16907 0 0
16908 1 0
16909 0 0
16910 1 0
16911 0 0
16912 0 0
16913 1 0
16914 0 0
16915 1 0
16916 0 0
16917 1 0
16918 0 0
16919 1 0
16920 0 0
16921 0 0
16922 1 0
16923 0 0
16924 1 0
16925 0 0
16926 1 0
16927 0 0
16928 0 0
16929 1 0
16930 0 0
16931 1 0
16932 0 0
16933 1 0
16934 0 0
16935 1 0
16936 0 0
16937 0 0
16938 1 0
16939 0 0
16940 1 0
16941 0 0
16942 1 0
16943 0 0
16944 1 0
16945 0 0
16946 0 0
16947 1 0
16948 0 0
16949 1 0
16950 0 0
16951 1 0
16952 0 0
16953 0 0
16954 1 0
16955 0 0
16956 1 0
16957 0 0
16958 1 0
16959 0 0
16960 1 0
16961 0 0
16962 0 0
16963 1 0
16964 0 0
16965 1 0
16966 0 0
16967 1 0
16968 0 0
16969 1 0
16970 0 0
16971 0 0
16972 1 0
16973 0 0
16974 1 0
16975 0 0
16976 1 0
16977 0 0
16978 1 0
16979 0 0
16980 0 0
16981 1 0
16982 0 0
16983 1 0
16984 0 0
16985 1 0
16986 0 0
16987 1 0
16988 0 0
16989 0 0
16990 1 0
16991 0 0
16992 1 0
16993 0 0
16994 1 0
16995 0 0
16996 0 0
16997 1 0
16998 0 0
16999 1 0
17000 0 0
17001 1 0
17002 0 0
17003 1 0
17004 0 0
17005 0 0
17006 1 0
17007 0 0
17008 1 0
17009 0 0
17010 1 0
17011 0 0
17012 1 0
17013 0 0
17014 1 0
17015 0 0
17016 0 0
17017 1 0
17018 0 0
17019 1 0
17020 0 0
17021 1 0
17022 0 0
17023 1 0
17024 0 0
17025 0 0
17026 1 0
17027 0 0
17028 1 0
17029 0 0
17030 1 0
17031 0 0
17032 1 0
17033 0 0
17034 0 0
17035 1 0
17036 0 0
17037 1 0
17038 0 0
17039 1 0
17040 0 0
17041 1 0
17042 0 0
17043 0 0
17044 1 0
17045 0 0
17046 1 0
17047 0 0
17048 1 0
17049 0 0
17050 1 0
17051 0 0
17052 0 0
17053 1 0
17054 0 0
17055 1 0
17056 0 0
17057 1 0
17058 0 0
17059 1 0
17060 0 0
17061 0 0
17062 1 0
17063 0 0
17064 1 0
17065 0 0
17066 1 0
17067 0 0
17068 1 0
17069 0 0
17070 1 0
17071 0 0
17072 0 0
17073 1 0
17074 0 0
17075 1 0
17076 0 0
17077 1 0
17078 0 0
17079 1 0
17080 0 0
17081 0 0
17082 1 0
17083 0 0
17084 1 0
17085 0 0
17086 1 0
17087 0 0
17088 1 0
17089 0 0
17090 0 0
17091 1 0
17092 0 0
17093 1 0
17094 0 0
17095 1 0
17096 0 0
17097 1 0
17098 0 0
17099 1 0
17100 0 0
17101 0 0
17102 1 0
17103 0 0
17104 1 0
17105 0 0
17106 1 0
17107 0 0
17108 1 0
17109 0 0
17110 0 0
17111 1 0
17112 0 0
17113 1 0
17114 0 0
17115 1 0
17116 0 0
17117 1 0
17118 0 0
17119 1 0
17120 0 0
17121 0 0
17122 1 0
17123 0 0
17124 1 0
17125 0 0
17126 1 0
17127 0 0
17128 1 0
17129 0 0
17130 1 0
17131 0 0
17132 0 0
17133 1 0
17134 0 0
17135 1 0
17136 0 0
17137 1 0
17138 0 0
17139 1 0
17140 0 0
17141 1 0
17142 0 0
17143 0 0
17144 1 0
17145 0 0
17146 1 0
17147 0 0
17148 1 0
17149 0 0
17150 1 0
17151 0 0
17152 1 0
17153 0 0
17154 0 0
17155 1 0
17156 0 0
17157 1 0
17158 0 0
17159 1 0
17160 0 0
17161 1 0
17162 0 0
17163 1 0
17164 0 0
17165 0 0
17166 1 0
17167 0 0
17168 1 0
17169 0 0
17170 1 0
17171 0 0
17172 1 0
17173 0 0
17174 1 0
17175 0 0
17176 0 0
17177 1 0
17178 0 0
17179 1 0
17180 0 0
17181 1 0
17182 0 0
17183 1 0
17184 0 0
17185 1 0
17186 0 0
17187 0 0
17188 1 0
17189 0 0
17190 1 0
17191 0 0
17192 1 0
17193 0 0
17194 1 0
17195 0 0
17196 1 0
17197 0 0
17198 0 0
17199 1 0
17200 0 0
17201 1 0
17202 0 0
17203 1 0
17204 0 0
17205 1 0
17206 0 0
17207 1 0
17208 0 0
17209 0 0
17210 1 0
17211 0 0
17212 1 0
17213 0 0
17214 1 0
17215 0 0
17216 1 0
17217 0 0
17218 1 0
17219 0 0
17220 1 0
17221 0 0
17222 0 0
17223 1 0
17224 0 0
17225 1 0
17226 0 0
17227 1 0
17228 0 0
17229 1 0
17230 0 0
17231 1 0
17232 0 0
17233 0 0
17234 1 0
17235 0 0
17236 1 0
17237 0 0
17238 1 0
17239 0 0
17240 1 0
17241 0 0
17242 1 0
17243 0 0
17244 0 0
17245 1 0
17246 0 0
17247 1 0
17248 0 0
17249 1 0
17250 0 0
17251 1 0
17252 0 0
17253 1 0
17254 0 0
17255 1 0
17256 0 0
17257 0 0
17258 1 0
17259 0 0
17260 1 0
17261 0 0
17262 1 0
17263 0 0
17264 1 0
17265 0 0
17266 1 0
17267 0 0
17268 1 0
17269 0 0
17270 0 0
17271 1 0
17272 0 0
17273 1 0
17274 0 0
17275 1 0
17276 0 0
17277 1 0
17278 0 0
17279 1 0
17280 0 0
17281 1 0
17282 0 0
17283 0 0
17284 1 0
17285 0 0
17286 1 0
17287 0 0
17288 1 0
17289 0 0
17290 1 0
17291 0 0
17292 1 0
17293 0 0
17294 0 0
17295 1 0
17296 0 0
17297 1 0
17298 0 0
17299 1 0
17300 0 0
17301 1 0
17302 0 0
17303 1 0
17304 0 0
17305 1 0
17306 0 0
17307 1 0
17308 0 0
17309 0 0
17310 1 0
17311 0 0
17312 1 0
17313 0 0
17314 1 0
17315 0 0
17316 1 0
17317 0 0
17318 1 0
17319 0 0
17320 1 0
17321 0 0
17322 1 0
17323 0 0
17324 0 0
17325 1 0
17326 0 0
17327 1 0
17328 0 0
17329 1 0
17330 0 0
17331 1 0
17332 0 0
17333 1 0
17334 0 0
17335 1 0
17336 0 0
17337 1 0
17338 0 0
17339 0 0
17340 1 0
17341 0 0
17342 1 0
17343 0 0
17344 1 0
17345 0 0
17346 1 0
17347 0 0
17348 1 0
17349 0 0
17350 1 0
17351 0 0
17352 0 0
17353 1 0
17354 0 0
17355 1 0
17356 0 0
17357 1 0
17358 0 0
17359 1 0
17360 0 0
17361 1 0
17362 0 0
17363 1 0
17364 0 0
17365 1 0
17366 0 0
17367 0 0
17368 1 0
17369 0 0
17370 1 0
17371 0 0
17372 1 0
17373 0 0
17374 1 0
17375 0 0
17376 1 0
17377 0 0
17378 1 0
17379 0 0
17380 1 0
17381 0 0
17382 0 0
17383 1 0
17384 0 0
17385 1 0
17386 0 0
17387 1 0
17388 0 0
17389 1 0
17390 0 0
17391 1 0
17392 0 0
17393 1 0
17394 0 0
17395 1 0
17396 0 0
17397 1 0
17398 0 0
17399 1 0
17400 0 0
17401 1 0
17402 0 0
17403 1 0
17404 0 0
17405 0 0
17406 1 0
17407 0 0
17408 1 0
17409 0 0
17410 1 0
17411 0 0
17412 1 0
17413 0 0
17414 1 0
17415 0 0
17416 1 0
17417 0 0
17418 1 0
17419 0 0
17420 1 0
17421 0 0
17422 0 0
17423 1 0
17424 0 0
17425 1 0
17426 0 0
17427 1 0
17428 0 0
17429 1 0
17430 0 0
17431 1 0
17432 0 0
17433 1 0
17434 0 0
17435 1 0
17436 0 0
17437 1 0
17438 0 0
17439 0 0
17440 1 0
17441 0 0
17442 1 0
17443 0 0
17444 1 0
17445 0 0
17446 1 0
17447 0 0
17448 1 0
17449 0 0
17450 1 0
17451 0 0
17452 1 0
17453 0 0
17454 1 0
17455 0 0
17456 1 0
17457 0 0
17458 0 0
17459 1 0
17460 0 0
17461 1 0
17462 0 0
17463 1 0
17464 0 0
17465 1 0
17466 0 0
17467 1 0
17468 0 0
17469 1 0
17470 0 0
17471 1 0
17472 0 0
17473 1 0
17474 0 0
17475 1 0
17476 0 0
17477 0 0
17478 1 0
17479 0 0
17480 1 0
17481 0 0
17482 1 0
17483 0 0
17484 1 0
17485 0 0
17486 1 0
17487 0 0
17488 1 0
17489 0 0
17490 1 0
17491 0 0
17492 1 0
17493 0 0
17494 1 0
17495 0 0
17496 1 0
17497 0 0
17498 1 0
17499 0 0
17500 1 0
17501 0 0
17502 0 0
17503 1 0
17504 0 0
17505 1 0
17506 0 0
17507 1 0
17508 0 0
17509 1 0
17510 0 0
17511 1 0
17512 0 0
17513 1 0
17514 0 0
17515 1 0
17516 0 0
17517 1 0
17518 0 0
17519 1 0
17520 0 0
17521 1 0
17522 0 0
17523 1 0
17524 0 0
17525 0 0
17526 1 0
17527 0 0
17528 1 0
17529 0 0
17530 1 0
17531 0 0
17532 1 0
17533 0 0
17534 1 0
17535 0 0
17536 1 0
17537 0 0
17538 1 0
17539 0 0
17540 1 0
17541 0 0
17542 1 0
17543 0 0
17544 1 0
17545 0 0
17546 0 0
17547 1 0
17548 0 0
17549 1 0
17550 0 0
17551 1 0
17552 0 0
17553 1 0
17554 0 0
17555 1 0
17556 0 0
17557 1 0
17558 0 0
17559 1 0
17560 0 0
17561 1 0
17562 0 0
17563 1 0
17564 0 0
17565 1 0
17566 0 0
17567 1 0
17568 0 0
17569 0 0
17570 1 0
17571 0 0
17572 1 0
17573 0 0
17574 1 0
17575 0 0
17576 1 0
17577 0 0
17578 1 0
17579 0 0
17580 1 0
17581 0 0
17582 1 0
17583 0 0
17584 1 0
17585 0 0
17586 1 0
17587 0 0
17588 1 0
17589 0 0
17590 1 0
17591 0 0
17592 1 0
17593 0 0
17594 0 0
17595 1 0
17596 0 0
17597 1 0
17598 0 0
17599 1 0
17600 0 0
17601 1 0
17602 0 0
17603 1 0
17604 0 0
17605 1 0
17606 0 0
17607 1 0
17608 0 0
17609 1 0
17610 0 0
17611 1 0
17612 0 0
17613 1 0
17614 0 0
17615 1 0
17616 0 0
17617 1 0
17618 0 0
17619 1 0
17620 0 0
17621 0 0
17622 1 0
17623 0 0
17624 1 0
17625 0 0
17626 1 0
17627 0 0
17628 1 0
17629 0 0
17630 1 0
17631 0 0
17632 1 0
17633 0 0
17634 1 0
17635 0 0
17636 1 0
17637 0 0
17638 1 0
17639 0 0
17640 1 0
17641 0 0
17642 1 0
17643 0 0
17644 1 0
17645 0 0
17646 1 0
17647 0 0
17648 1 0
17649 0 0
17650 1 0
17651 0 0
17652 0 0
17653 1 0
17654 0 0
17655 1 0
17656 0 0
17657 1 0
17658 0 0
17659 1 0
17660 0 0
17661 1 0
17662 0 0
17663 1 0
17664 0 0
17665 1 0
17666 0 0
17667 1 0
17668 0 0
17669 1 0
17670 0 0
17671 1 0
17672 0 0
17673 1 0
17674 0 0
17675 1 0
17676 0 0
17677 1 0
17678 0 0
17679 1 0
17680 0 0
17681 1 0
17682 0 0
17683 1 0
17684 0 0
17685 1 0
17686 0 0
17687 1 0
17688 0 0
17689 1 0
17690 0 0
17691 0 0
17692 1 0
17693 0 0
17694 1 0
17695 0 0
17696 1 0
17697 0 0
17698 1 0
17699 0 0
17700 1 0
17701 0 0
17702 1 0
17703 0 0
17704 1 0
17705 0 0
17706 1 0
17707 0 0
17708 1 0
17709 0 0
17710 1 0
17711 0 0
17712 1 0
17713 0 0
17714 1 0
17715 0 0
17716 1 0
17717 0 0
17718 1 0
17719 0 0
17720 1 0
17721 0 0
17722 1 0
17723 0 0
17724 1 0
17725 0 0
17726 1 0
17727 0 0
17728 1 0
17729 0 0
17730 1 0
17731 0 0
17732 1 0
17733 0 0
17734 1 0
17735 0 0
17736 1 0
17737 0 0
17738 1 0
17739 0 0
17740 0 0
17741 1 0
17742 0 0
17743 1 0
17744 0 0
17745 1 0
17746 0 0
17747 1 0
17748 0 0
17749 1 0
17750 0 0
17751 1 0
17752 0 0
17753 1 0
17754 0 0
17755 1 0
17756 0 0
17757 1 0
17758 0 0
17759 1 0
17760 0 0
17761 1 0
17762 0 0
17763 1 0
17764 0 0
17765 1 0
17766 0 0
17767 1 0
17768 0 0
17769 1 0
17770 0 0
17771 1 0
17772 0 0
17773 1 0
17774 0 0
17775 1 0
17776 0 0
17777 1 0
17778 0 0
17779 1 0
17780 0 0
17781 1 0
17782 0 0
17783 1 0
17784 0 0
17785 1 0
17786 0 0
17787 1 0
17788 0 0
17789 1 0
17790 0 0
17791 1 0
17792 0 0
17793 1 0
17794 0 0
17795 0 0
17796 1 0
17797 0 0
17798 1 0
17799 0 0
17800 1 0
17801 0 0
17802 1 0
17803 0 0
17804 1 0
17805 0 0
17806 1 0
17807 0 0
17808 1 0
17809 0 0
17810 1 0
17811 0 0
17812 1 0
17813 0 0
17814 1 0
17815 0 0
17816 1 0
17817 0 0
17818 1 0
17819 0 0
17820 1 0
17821 0 0
17822 1 0
17823 0 0
17824 1 0
17825 0 0
17826 1 0
17827 0 0
17828 1 0
17829 0 0
17830 1 0
17831 0 0
17832 1 0
17833 0 0
17834 1 0
17835 0 0
17836 1 0
17837 0 0
17838 1 0
17839 0 0
17840 1 0
17841 0 0
17842 1 0
17843 0 0
17844 1 0
17845 0 0
17846 1 0
17847 0 0
17848 1 0
17849 0 0
17850 1 0
17851 0 0
17852 1 0
17853 0 0
17854 1 0
17855 0 0
17856 1 0
17857 0 0
17858 1 0
17859 0 0
17860 1 0
17861 0 0
17862 1 0
17863 0 0
17864 1 0
17865 0 0
17866 1 0
17867 0 0
17868 1 0
17869 0 0
17870 1 0
17871 0 0
17872 1 0
17873 0 0
17874 1 0
17875 0 0
17876 1 0
17877 0 0
17878 1 0
17879 0 0
17880 1 0
17881 0 0
17882 1 0
17883 0 0
17884 1 0
17885 0 0
17886 1 0
17887 0 0
17888 1 0
17889 0 0
17890 1 0
17891 0 0
17892 1 0
17893 0 0
17894 1 0
17895 0 0
17896 1 0
17897 0 0
17898 1 0
17899 0 0
17900 1 0
17901 0 0
17902 1 0
17903 0 0
17904 1 0
17905 0 0
17906 1 0
17907 0 0
17908 1 0
17909 0 0
17910 1 0
17911 0 0
17912 1 0
17913 0 0
17914 1 0
17915 0 0
17916 1 0
17917 0 0
17918 1 0
17919 0 0
17920 1 0
17921 0 0
17922 1 0
17923 0 0
17924 1 0
17925 0 0
17926 1 0
17927 0 0
17928 1 0
17929 0 0
17930 1 0
17931 0 0
17932 1 0
17933 0 0
17934 1 0
17935 0 0
17936 1 0
17937 0 0
17938 1 0
17939 0 0
17940 1 0
17941 0 0
17942 1 0
17943 0 0
17944 1 0
17945 0 0
17946 1 0
17947 0 0
17948 1 0
17949 0 0
17950 1 0
17951 0 0
17952 1 0
17953 0 0
17954 1 0
17955 0 0
17956 1 0
17957 0 0
17958 1 0
17959 0 0
17960 1 0
17961 0 0
17962 1 0
17963 0 0
17964 1 0
17965 0 0
17966 1 0
17967 0 0
17968 1 0
17969 0 0
17970 1 0
17971 0 0
17972 1 0
17973 0 0
17974 1 0
17975 0 0
17976 1 0
17977 0 0
17978 1 0
17979 0 0
17980 1 0
17981 0 0
17982 1 0
17983 0 0
17984 1 0
17985 0 0
17986 1 0
17987 0 0
17988 1 0
17989 0 0
17990 1 0
17991 0 0
17992 1 0
17993 0 0
17994 1 0
17995 0 0
17996 1 0
17997 0 0
17998 1 0
17999 0 0
18000 1 0
18001 0 0
18002 1 0
18003 0 0
18004 1 0
18005 0 0
18006 1 0
18007 0 0
18008 1 0
18009 0 0
18010 1 0
18011 0 0
18012 1 0
18013 0 0
18014 1 0
18015 0 0
18016 1 0
18017 0 0
18018 1 0
18019 0 0
18020 1 0
18021 0 0
18022 1 0
18023 0 0
18024 1 0
18025 1 0
18026 0 0
18027 1 0
18028 0 0
18029 1 0
18030 0 0
18031 1 0
18032 0 0
18033 1 0
18034 0 0
18035 1 0
18036 0 0
18037 1 0
18038 0 0
18039 1 0
18040 0 0
18041 1 0
18042 0 0
18043 1 0
18044 0 0
18045 1 0
18046 0 0
18047 1 0
18048 0 0
18049 1 0
18050 0 0
18051 1 0
18052 0 0
18053 1 0
18054 0 0
18055 1 0
18056 0 0
18057 1 0
18058 0 0
18059 1 0
18060 0 0
18061 1 0
18062 0 0
18063 1 0
18064 0 0
18065 1 0
18066 0 0
18067 1 0
18068 0 0
18069 1 0
18070 0 0
18071 1 0
18072 0 0
18073 1 0
18074 0 0
18075 1 0
18076 1 0
18077 0 0
18078 1 0
18079 0 0
18080 1 0
18081 0 0
18082 1 0
18083 0 0
18084 1 0
18085 0 0
18086 1 0
18087 0 0
18088 1 0
18089 0 0
18090 1 0
18091 0 0
18092 1 0
18093 0 0
18094 1 0
18095 0 0
18096 1 0
18097 0 0
18098 1 0
18099 0 0
18100 1 0
18101 0 0
18102 1 0
18103 0 0
18104 1 0
18105 0 0
18106 1 0
18107 0 0
18108 1 0
18109 0 0
18110 1 0
18111 0 0
18112 1 0
18113 0 0
18114 1 0
18115 1 0
18116 0 0
18117 1 0
18118 0 0
18119 1 0
18120 0 0
18121 1 0
18122 0 0
18123 1 0
18124 0 0
18125 1 0
18126 0 0
18127 1 0
18128 0 0
18129 1 0
18130 0 0
18131 1 0
18132 0 0
18133 1 0
18134 0 0
18135 1 0
18136 0 0
18137 1 0
18138 0 0
18139 1 0
18140 0 0
18141 1 0
18142 0 0
18143 1 0
18144 0 0
18145 1 0
18146 0 0
18147 1 0
18148 1 0
18149 0 0
18150 1 0
18151 0 0
18152 1 0
18153 0 0
18154 1 0
18155 0 0
18156 1 0
18157 0 0
18158 1 0
18159 0 0
18160 1 0
18161 0 0
18162 1 0
18163 0 0
18164 1 0
18165 0 0
18166 1 0
18167 0 0
18168 1 0
18169 0 0
18170 1 0
18171 0 0
18172 1 0
18173 0 0
18174 1 0
18175 0 0
18176 1 0
18177 1 0
18178 0 0
18179 1 0
18180 0 0
18181 1 0
18182 0 0
18183 1 0
18184 0 0
18185 1 0
18186 0 0
18187 1 0
18188 0 0
18189 1 0
18190 0 0
18191 1 0
18192 0 0
18193 1 0
18194 0 0
18195 1 0
18196 0 0
18197 1 0
18198 0 0
18199 1 0
18200 0 0
18201 1 0
18202 1 0
18203 0 0
18204 1 0
18205 0 0
18206 1 0
18207 0 0
18208 1 0
18209 0 0
18210 1 0
18211 0 0
18212 1 0
18213 0 0
18214 1 0
18215 0 0
18216 1 0
18217 0 0
18218 1 0
18219 0 0
18220 1 0
18221 0 0
18222 1 0
18223 0 0
18224 1 0
18225 1 0
18226 0 0
18227 1 0
18228 0 0
18229 1 0
18230 0 0
18231 1 0
18232 0 0
18233 1 0
18234 0 0
18235 1 0
18236 0 0
18237 1 0
18238 0 0
18239 1 0
18240 0 0
18241 1 0
18242 0 0
18243 1 0
18244 0 0
18245 1 0
18246 0 0
18247 1 0
18248 1 0
18249 0 0
18250 1 0
18251 0 0
18252 1 0
18253 0 0
18254 1 0
18255 0 0
18256 1 0
18257 0 0
18258 1 0
18259 0 0
18260 1 0
18261 0 0
18262 1 0
18263 0 0
18264 1 0
18265 0 0
18266 1 0
18267 0 0
18268 1 0
18269 1 0
18270 0 0
18271 1 0
18272 0 0
18273 1 0
18274 0 0
18275 1 0
18276 0 0
18277 1 0
18278 0 0
18279 1 0
18280 0 0
18281 1 0
18282 0 0
18283 1 0
18284 0 0
18285 1 0
18286 0 0
18287 1 0
18288 1 0
18289 0 0
18290 1 0
18291 0 0
18292 1 0
18293 0 0
18294 1 0
18295 0 0
18296 1 0
18297 0 0
18298 1 0
18299 0 0
18300 1 0
18301 0 0
18302 1 0
18303 0 0
18304 1 0
18305 0 0
18306 1 0
18307 1 0
18308 0 0
18309 1 0
18310 0 0
18311 1 0
18312 0 0
18313 1 0
18314 0 0
18315 1 0
18316 0 0
18317 1 0
18318 0 0
18319 1 0
18320 0 0
18321 1 0
18322 0 0
18323 1 0
18324 0 0
18325 1 0
18326 1 0
18327 0 0
18328 1 0
18329 0 0
18330 1 0
18331 0 0
18332 1 0
18333 0 0
18334 1 0
18335 0 0
18336 1 0
18337 0 0
18338 1 0
18339 0 0
18340 1 0
18341 0 0
18342 1 0
18343 1 0
18344 0 0
18345 1 0
18346 0 0
18347 1 0
18348 0 0
18349 1 0
18350 0 0
18351 1 0
18352 0 0
18353 1 0
18354 0 0
18355 1 0
18356 0 0
18357 1 0
18358 0 0
18359 1 0
18360 1 0
18361 0 0
18362 1 0
18363 0 0
18364 1 0
18365 0 0
18366 1 0
18367 0 0
18368 1 0
18369 0 0
18370 1 0
18371 0 0
18372 1 0
18373 0 0
18374 1 0
18375 1 0
18376 0 0
18377 1 0
18378 0 0
18379 1 0
18380 0 0
18381 1 0
18382 0 0
18383 1 0
18384 0 0
18385 1 0
18386 0 0
18387 1 0
18388 0 0
18389 1 0
18390 0 0
18391 1 0
18392 1 0
18393 0 0
18394 1 0
18395 0 0
18396 1 0
18397 0 0
18398 1 0
18399 0 0
18400 1 0
18401 0 0
18402 1 0
18403 0 0
18404 1 0
18405 0 0
18406 1 0
18407 1 0
18408 0 0
18409 1 0
18410 0 0
18411 1 0
18412 0 0
18413 1 0
18414 0 0
18415 1 0
18416 0 0
18417 1 0
18418 0 0
18419 1 0
18420 0 0
18421 1 0
18422 1 0
18423 0 0
18424 1 0
18425 0 0
18426 1 0
18427 0 0
18428 1 0
18429 0 0
18430 1 0
18431 0 0
18432 1 0
18433 0 0
18434 1 0
18435 1 0
18436 0 0
18437 1 0
18438 0 0
18439 1 0
18440 0 0
18441 1 0
18442 0 0
18443 1 0
18444 0 0
18445 1 0
18446 0 0
18447 1 0
18448 0 0
18449 1 0
18450 1 0
18451 0 0
18452 1 0
18453 0 0
18454 1 0
18455 0 0
18456 1 0
18457 0 0
18458 1 0
18459 0 0
18460 1 0
18461 0 0
18462 1 0
18463 1 0
18464 0 0
18465 1 0
18466 0 0
18467 1 0
18468 0 0
18469 1 0
18470 0 0
18471 1 0
18472 0 0
18473 1 0
18474 0 0
18475 1 0
18476 1 0
18477 0 0
18478 1 0
18479 0 0
18480 1 0
18481 0 0
18482 1 0
18483 0 0
18484 1 0
18485 0 0
18486 1 0
18487 0 0
18488 1 0
18489 0 0
18490 1 0
18491 1 0
18492 0 0
18493 1 0
18494 0 0
18495 1 0
18496 0 0
18497 1 0
18498 0 0
18499 1 0
18500 0 0
18501 1 0
18502 0 0
18503 1 0
18504 1 0
18505 0 0
18506 1 0
18507 0 0
18508 1 0
18509 0 0
18510 1 0
18511 0 0
18512 1 0
18513 0 0
18514 1 0
18515 1 0
18516 0 0
18517 1 0
18518 0 0
18519 1 0
18520 0 0
18521 1 0
18522 0 0
18523 1 0
18524 0 0
18525 1 0
18526 0 0
18527 1 0
18528 1 0
18529 0 0
18530 1 0
18531 0 0
18532 1 0
18533 0 0
18534 1 0
18535 0 0
18536 1 0
18537 0 0
18538 1 0
18539 0 0
18540 1 0
18541 1 0
18542 0 0
18543 1 0
18544 0 0
18545 1 0
18546 0 0
18547 1 0
18548 0 0
18549 1 0
18550 0 0
18551 1 0
18552 1 0
18553 0 0
18554 1 0
18555 0 0
18556 1 0
18557 0 0
18558 1 0
18559 0 0
18560 1 0
18561 0 0
18562 1 0
18563 1 0
18564 0 0
18565 1 0
18566 0 0
18567 1 0
18568 0 0
18569 1 0
18570 0 0
18571 1 0
18572 0 0
18573 1 0
18574 0 0
18575 1 0
18576 1 0
18577 0 0
18578 1 0
18579 0 0
18580 1 0
18581 0 0
18582 1 0
18583 0 0
18584 1 0
18585 1 0
18586 0 0
18587 1 0
18588 0 0
18589 1 0
18590 0 0
18591 1 0
18592 0 0
18593 1 0
18594 0 0
18595 1 0
18596 1 0
18597 0 0
18598 1 0
18599 0 0
18600 1 0
18601 0 0
18602 1 0
18603 0 0
18604 1 0
18605 0 0
18606 1 0
18607 1 0
18608 0 0
18609 1 0
18610 0 0
18611 1 0
18612 0 0
18613 1 0
18614 0 0
18615 1 0
18616 0 0
18617 1 0
18618 1 0
18619 0 0
18620 1 0
18621 0 0
18622 1 0
18623 0 0
18624 1 0
18625 0 0
18626 1 0
18627 0 0
18628 1 0
18629 1 0
18630 0 0
18631 1 0
18632 0 0
18633 1 0
18634 0 0
18635 1 0
18636 0 0
18637 1 0
18638 0 0
18639 1 0
18640 1 0
18641 0 0
18642 1 0
18643 0 0
18644 1 0
18645 0 0
18646 1 0
18647 0 0
18648 1 0
18649 1 0
18650 0 0
18651 1 0
18652 0 0
18653 1 0
18654 0 0
18655 1 0
18656 0 0
18657 1 0
18658 0 0
18659 1 0
18660 1 0
18661 0 0
18662 1 0
18663 0 0
18664 1 0
18665 0 0
18666 1 0
18667 0 0
18668 1 0
18669 1 0
18670 0 0
18671 1 0
18672 0 0
18673 1 0
18674 0 0
18675 1 0
18676 0 0
18677 1 0
18678 1 0
18679 0 0
18680 1 0
18681 0 0
18682 1 0
18683 0 0
18684 1 0
18685 0 0
18686 1 0
18687 0 0
18688 1 0
18689 1 0
18690 0 0
18691 1 0
18692 0 0
18693 1 0
18694 0 0
18695 1 0
18696 0 0
18697 1 0
18698 1 0
18699 0 0
18700 1 0
18701 0 0
18702 1 0
18703 0 0
18704 1 0
18705 0 0
18706 1 0
18707 1 0
18708 0 0
18709 1 0
18710 0 0
18711 1 0
18712 0 0
18713 1 0
18714 0 0
18715 1 0
18716 1 0
18717 0 0
18718 1 0
18719 0 0
18720 1 0
18721 0 0
18722 1 0
18723 0 0
18724 1 0
18725 1 0
18726 0 0
18727 1 0
18728 0 0
18729 1 0
18730 0 0
18731 1 0
18732 0 0
18733 1 0
18734 1 0
18735 0 0
18736 1 0
18737 0 0
18738 1 0
18739 0 0
18740 1 0
18741 0 0
18742 1 0
18743 1 0
18744 0 0
18745 1 0
18746 0 0
18747 1 0
18748 0 0
18749 1 0
18750 0 0
18751 1 0
18752 1 0
18753 0 0
18754 1 0
18755 0 0
18756 1 0
18757 0 0
18758 1 0
18759 0 0
18760 1 0
18761 1 0
18762 0 0
18763 1 0
18764 0 0
18765 1 0
18766 0 0
18767 1 0
18768 0 0
18769 1 0
18770 1 0
18771 0 0
18772 1 0
18773 0 0
18774 1 0
18775 0 0
18776 1 0
18777 0 0
18778 1 0
18779 1 0
18780 0 0
18781 1 0
18782 0 0
18783 1 0
18784 0 0
18785 1 0
18786 0 0
18787 1 0
18788 1 0
18789 0 0
18790 1 0
18791 0 0
18792 1 0
18793 0 0
18794 1 0
18795 0 0
18796 1 0
18797 1 0
18798 0 0
18799 1 0
18800 0 0
18801 1 0
18802 0 0
18803 1 0
18804 0 0
18805 1 0
18806 1 0
18807 0 0
18808 1 0
18809 0 0
18810 1 0
18811 0 0
18812 1 0
18813 1 0
18814 0 0
18815 1 0
18816 0 0
18817 1 0
18818 0 0
18819 1 0
18820 0 0
18821 1 0
18822 1 0
18823 0 0
18824 1 0
18825 0 0
18826 1 0
18827 0 0
18828 1 0
18829 0 0
18830 1 0
18831 1 0
18832 0 0
18833 1 0
18834 0 0
18835 1 0
18836 0 0
18837 1 0
18838 1 0
18839 0 0
18840 1 0
18841 0 0
18842 1 0
18843 0 0
18844 1 0
18845 0 0
18846 1 0
18847 1 0
18848 0 0
18849 1 0
18850 0 0
18851 1 0
18852 0 0
18853 1 0
18854 1 0
18855 0 0
18856 1 0
18857 0 0
18858 1 0
18859 0 0
18860 1 0
18861 0 0
18862 1 0
18863 1 0
18864 0 0
18865 1 0
18866 0 0
18867 1 0
18868 0 0
18869 1 0
18870 1 0
18871 0 0
18872 1 0
18873 0 0
18874 1 0
18875 0 0
18876 1 0
18877 0 0
18878 1 0
18879 1 0
18880 0 0
18881 1 0
18882 0 0
18883 1 0
18884 0 0
18885 1 0
18886 1 0
18887 0 0
18888 1 0
18889 0 0
18890 1 0
18891 0 0
18892 1 0
18893 1 0
18894 0 0
18895 1 0
18896 0 0
18897 1 0
18898 0 0
18899 1 0
18900 0 0
18901 1 0
18902 1 0
18903 0 0
18904 1 0
18905 0 0
18906 1 0
18907 0 0
18908 1 0
18909 1 0
18910 0 0
18911 1 0
18912 0 0
18913 1 0
18914 0 0
18915 1 0
18916 1 0
18917 0 0
18918 1 0
18919 0 0
18920 1 0
18921 0 0
18922 1 0
18923 0 0
18924 1 0
18925 1 0
18926 0 0
18927 1 0
18928 0 0
18929 1 0
18930 0 0
18931 1 0
18932 1 0
18933 0 0
18934 1 0
18935 0 0
18936 1 0
18937 0 0
18938 1 0
18939 1 0
18940 0 0
18941 1 0
18942 0 0
18943 1 0
18944 0 0
18945 1 0
18946 1 0
18947 0 0
18948 1 0
18949 0 0
18950 1 0
18951 0 0
18952 1 0
18953 1 0
18954 0 0
18955 1 0
18956 0 0
18957 1 0
18958 0 0
18959 1 0
18960 1 0
18961 0 0
18962 1 0
18963 0 0
18964 1 0
18965 0 0
18966 1 0
18967 1 0
18968 0 0
18969 1 0
18970 0 0
18971 1 0
18972 0 0
18973 1 0
18974 1 0
18975 0 0
18976 1 0
18977 0 0
18978 1 0
18979 0 0
18980 1 0
18981 1 0
18982 0 0
18983 1 0
18984 0 0
18985 1 0
18986 0 0
18987 1 0
18988 1 0
18989 0 0
18990 1 0
18991 0 0
18992 1 0
18993 0 0
18994 1 0
18995 1 0
18996 0 0
18997 1 0
18998 0 0
18999 1 0
19000 0 0
19001 1 0
19002 1 0
19003 0 0
19004 1 0
19005 0 0
19006 1 0
19007 0 0
19008 1 0
19009 1 0
19010 0 0
19011 1 0
19012 0 0
19013 1 0
19014 0 0
19015 1 0
19016 1 0
19017 0 0
19018 1 0
19019 0 0
19020 1 0
19021 1 0
19022 0 0
19023 1 0
19024 0 0
19025 1 0
19026 0 0
19027 1 0
19028 1 0
19029 0 0
19030 1 0
19031 0 0
19032 1 0
19033 1 0
19034 0 0
19035 1 0
19036 5761 0
19037 0 0
19038 1 0
19039 1 0
19040 0 0
19041 1 0
19042 1 0
19043 0 0
19044 1 0
19045 0 0
19046 1 0
19047 0 0
19048 1 0
19049 1 0
19050 0 0
19051 1 0
19052 0 0
19053 1 0
19054 0 0
19055 1 0
19056 1 0
19057 0 0
19058 1 0
19059 0 0
19060 1 0
19061 1 0
19062 0 0
19063 1 0
19064 0 0
19065 1 0
19066 0 0
19067 1 0
19068 1 0
19069 0 0
19070 1 0
19071 0 0
19072 1 0
19073 0 0
19074 1 0
19075 1 0
19076 0 0
19077 1 0
19078 0 0
19079 1 0
19080 1 0
19081 0 0
19082 1 0
19083 0 0
19084 1 0
19085 0 0
19086 1 0
19087 1 0
19088 0 0
19089 1 0
19090 0 0
19091 1 0
19092 1 0
19093 0 0
19094 1 0
19095 0 0
19096 1 0
19097 0 0
19098 1 0
19099 1 0
19100 0 0
19101 1 0
19102 0 0
19103 1 0
